Normal Mul : O ( n = 6 * 10 ^ 7 )
716001.19 1083927.00 2166022.50 1411962.75 484614.66 
557427.38 936423.38 969125.25 756300.75 305561.88 
796961.62 1427888.12 8981038.00 619950.69 915595.81 
329148.59 676082.56 555087.94 378374.59 232529.20 
190024.09 268620.16 898597.38 612258.06 137990.27 
t = 9.063031418s
====================================================
Parallel Mul
716001.19 1083927.00 2166022.50 1411962.75 484614.66 
557427.38 936423.31 969125.19 756300.75 305561.88 
796961.69 1427888.00 8981037.00 619950.75 915595.81 
329148.59 676082.56 555087.94 378374.62 232529.20 
190024.09 268620.16 898597.31 612258.06 137990.27 
t = 5.340821332s 
====================================================
High level Python O ( n = 10 ^ 6 )
1083926.98 2166022.44 1411962.75 484614.64 563943.58 
936423.36 969125.21 756300.77 305561.87 623280.13 
1427888.03 8981037.46 619950.69 915595.74 2545966.40 
676082.57 555087.90 378374.60 232529.20 223633.20 
782204.41 113295.03 335566.04 198859.24 164610.08 
t = 20.028716802597046s
