O ( n = 6 * 10^7 )
Normal
23603200.00 9414776.00 77957216.00 
221050.58 138133.67 2715699.50 
594038.50 2850199.00 7781943.00 
2.358606729
====================================
Parallel
23603200.00 9414776.00 77957216.00 
221050.56 138133.66 2715699.50 
594038.50 2850199.00 7781943.00 
1.575404655
====================================
High Level Python : O ( n = 10 ^ 6 )
23603198.02 9414775.36 77957208.51 
221050.56 138133.67 2715699.62 
594038.50 2850198.87 7781942.65
23603198.02 9414775.36 77957208.51 
221050.56 138133.67 2715699.62 
594038.50 2850198.87 7781942.65 
6.625543594360352
